=====================
cycle:1	100	ADDI	R1, R0, #10

registers:
r00:	0	10	0	0	0	0	0	0
r08:	0	0	0	0	0	0	0	0
r16:	0	0	0	0	0	0	0	0
r24:	0	0	0	0	0	0	0	0

data:
172:	-1	-2	-3	1	2	3	0	0
204:	5	-5	6	0	0	0	0	0
236:	0	0	0	0	0	0	1	0

=====================
cycle:2	104	SW	R1, 264(R0)

registers:
r00:	0	10	0	0	0	0	0	0
r08:	0	0	0	0	0	0	0	0
r16:	0	0	0	0	0	0	0	0
r24:	0	0	0	0	0	0	0	0

data:
172:	-1	-2	-3	1	2	3	0	0
204:	5	-5	6	0	0	0	0	0
236:	0	0	0	0	0	0	1	10

=====================
cycle:3	112	LW	R1, 264(R0)

registers:
r00:	0	10	0	0	0	0	0	0
r08:	0	0	0	0	0	0	0	0
r16:	0	0	0	0	0	0	0	0
r24:	0	0	0	0	0	0	0	0

data:
172:	-1	-2	-3	1	2	3	0	0
204:	5	-5	6	0	0	0	0	0
236:	0	0	0	0	0	0	1	10

=====================
cycle:4	116	BLEZ	R1, #48

registers:
r00:	0	10	0	0	0	0	0	0
r08:	0	0	0	0	0	0	0	0
r16:	0	0	0	0	0	0	0	0
r24:	0	0	0	0	0	0	0	0

data:
172:	-1	-2	-3	1	2	3	0	0
204:	5	-5	6	0	0	0	0	0
236:	0	0	0	0	0	0	1	10

=====================
cycle:5	120	SLL	R10, R1, #2

registers:
r00:	0	10	0	0	0	0	0	0
r08:	0	0	40	0	0	0	0	0
r16:	0	0	0	0	0	0	0	0
r24:	0	0	0	0	0	0	0	0

data:
172:	-1	-2	-3	1	2	3	0	0
204:	5	-5	6	0	0	0	0	0
236:	0	0	0	0	0	0	1	10

=====================
cycle:6	124	LW	R3, 172(R10)

registers:
r00:	0	10	0	6	0	0	0	0
r08:	0	0	40	0	0	0	0	0
r16:	0	0	0	0	0	0	0	0
r24:	0	0	0	0	0	0	0	0

data:
172:	-1	-2	-3	1	2	3	0	0
204:	5	-5	6	0	0	0	0	0
236:	0	0	0	0	0	0	1	10

=====================
cycle:7	128	LW	R4, 216(R10)

registers:
r00:	0	10	0	6	0	0	0	0
r08:	0	0	40	0	0	0	0	0
r16:	0	0	0	0	0	0	0	0
r24:	0	0	0	0	0	0	0	0

data:
172:	-1	-2	-3	1	2	3	0	0
204:	5	-5	6	0	0	0	0	0
236:	0	0	0	0	0	0	1	10

=====================
cycle:8	132	LW	R5, 260(R0)

registers:
r00:	0	10	0	6	0	1	0	0
r08:	0	0	40	0	0	0	0	0
r16:	0	0	0	0	0	0	0	0
r24:	0	0	0	0	0	0	0	0

data:
172:	-1	-2	-3	1	2	3	0	0
204:	5	-5	6	0	0	0	0	0
236:	0	0	0	0	0	0	1	10

=====================
cycle:9	136	BLEZ	R3, #8

registers:
r00:	0	10	0	6	0	1	0	0
r08:	0	0	40	0	0	0	0	0
r16:	0	0	0	0	0	0	0	0
r24:	0	0	0	0	0	0	0	0

data:
172:	-1	-2	-3	1	2	3	0	0
204:	5	-5	6	0	0	0	0	0
236:	0	0	0	0	0	0	1	10

=====================
cycle:10	140	SUB	R6, R4, R5

registers:
r00:	0	10	0	6	0	1	-1	0
r08:	0	0	40	0	0	0	0	0
r16:	0	0	0	0	0	0	0	0
r24:	0	0	0	0	0	0	0	0

data:
172:	-1	-2	-3	1	2	3	0	0
204:	5	-5	6	0	0	0	0	0
236:	0	0	0	0	0	0	1	10

=====================
cycle:11	144	J	#152

registers:
r00:	0	10	0	6	0	1	-1	0
r08:	0	0	40	0	0	0	0	0
r16:	0	0	0	0	0	0	0	0
r24:	0	0	0	0	0	0	0	0

data:
172:	-1	-2	-3	1	2	3	0	0
204:	5	-5	6	0	0	0	0	0
236:	0	0	0	0	0	0	1	10

=====================
cycle:12	152	SW	R6, 172(R10)

registers:
r00:	0	10	0	6	0	1	-1	0
r08:	0	0	40	0	0	0	0	0
r16:	0	0	0	0	0	0	0	0
r24:	0	0	0	0	0	0	0	0

data:
172:	-1	-2	-3	1	2	3	0	0
204:	5	-5	-1	0	0	0	0	0
236:	0	0	0	0	0	0	1	10

=====================
cycle:13	156	ADDI	R1, R1, #-1

registers:
r00:	0	9	0	6	0	1	-1	0
r08:	0	0	40	0	0	0	0	0
r16:	0	0	0	0	0	0	0	0
r24:	0	0	0	0	0	0	0	0

data:
172:	-1	-2	-3	1	2	3	0	0
204:	5	-5	-1	0	0	0	0	0
236:	0	0	0	0	0	0	1	10

=====================
cycle:14	160	SW	R1, 264(R0)

registers:
r00:	0	9	0	6	0	1	-1	0
r08:	0	0	40	0	0	0	0	0
r16:	0	0	0	0	0	0	0	0
r24:	0	0	0	0	0	0	0	0

data:
172:	-1	-2	-3	1	2	3	0	0
204:	5	-5	-1	0	0	0	0	0
236:	0	0	0	0	0	0	1	9

=====================
cycle:15	164	J	#112

registers:
r00:	0	9	0	6	0	1	-1	0
r08:	0	0	40	0	0	0	0	0
r16:	0	0	0	0	0	0	0	0
r24:	0	0	0	0	0	0	0	0

data:
172:	-1	-2	-3	1	2	3	0	0
204:	5	-5	-1	0	0	0	0	0
236:	0	0	0	0	0	0	1	9

=====================
cycle:16	112	LW	R1, 264(R0)

registers:
r00:	0	9	0	6	0	1	-1	0
r08:	0	0	40	0	0	0	0	0
r16:	0	0	0	0	0	0	0	0
r24:	0	0	0	0	0	0	0	0

data:
172:	-1	-2	-3	1	2	3	0	0
204:	5	-5	-1	0	0	0	0	0
236:	0	0	0	0	0	0	1	9

=====================
cycle:17	116	BLEZ	R1, #48

registers:
r00:	0	9	0	6	0	1	-1	0
r08:	0	0	40	0	0	0	0	0
r16:	0	0	0	0	0	0	0	0
r24:	0	0	0	0	0	0	0	0

data:
172:	-1	-2	-3	1	2	3	0	0
204:	5	-5	-1	0	0	0	0	0
236:	0	0	0	0	0	0	1	9

=====================
cycle:18	120	SLL	R10, R1, #2

registers:
r00:	0	9	0	6	0	1	-1	0
r08:	0	0	36	0	0	0	0	0
r16:	0	0	0	0	0	0	0	0
r24:	0	0	0	0	0	0	0	0

data:
172:	-1	-2	-3	1	2	3	0	0
204:	5	-5	-1	0	0	0	0	0
236:	0	0	0	0	0	0	1	9

=====================
cycle:19	124	LW	R3, 172(R10)

registers:
r00:	0	9	0	-5	0	1	-1	0
r08:	0	0	36	0	0	0	0	0
r16:	0	0	0	0	0	0	0	0
r24:	0	0	0	0	0	0	0	0

data:
172:	-1	-2	-3	1	2	3	0	0
204:	5	-5	-1	0	0	0	0	0
236:	0	0	0	0	0	0	1	9

=====================
cycle:20	128	LW	R4, 216(R10)

registers:
r00:	0	9	0	-5	0	1	-1	0
r08:	0	0	36	0	0	0	0	0
r16:	0	0	0	0	0	0	0	0
r24:	0	0	0	0	0	0	0	0

data:
172:	-1	-2	-3	1	2	3	0	0
204:	5	-5	-1	0	0	0	0	0
236:	0	0	0	0	0	0	1	9

=====================
cycle:21	132	LW	R5, 260(R0)

registers:
r00:	0	9	0	-5	0	1	-1	0
r08:	0	0	36	0	0	0	0	0
r16:	0	0	0	0	0	0	0	0
r24:	0	0	0	0	0	0	0	0

data:
172:	-1	-2	-3	1	2	3	0	0
204:	5	-5	-1	0	0	0	0	0
236:	0	0	0	0	0	0	1	9

=====================
cycle:22	136	BLEZ	R3, #8

registers:
r00:	0	9	0	-5	0	1	-1	0
r08:	0	0	36	0	0	0	0	0
r16:	0	0	0	0	0	0	0	0
r24:	0	0	0	0	0	0	0	0

data:
172:	-1	-2	-3	1	2	3	0	0
204:	5	-5	-1	0	0	0	0	0
236:	0	0	0	0	0	0	1	9

=====================
cycle:23	148	ADD	R6, R4, R5

registers:
r00:	0	9	0	-5	0	1	1	0
r08:	0	0	36	0	0	0	0	0
r16:	0	0	0	0	0	0	0	0
r24:	0	0	0	0	0	0	0	0

data:
172:	-1	-2	-3	1	2	3	0	0
204:	5	-5	-1	0	0	0	0	0
236:	0	0	0	0	0	0	1	9

=====================
cycle:24	152	SW	R6, 172(R10)

registers:
r00:	0	9	0	-5	0	1	1	0
r08:	0	0	36	0	0	0	0	0
r16:	0	0	0	0	0	0	0	0
r24:	0	0	0	0	0	0	0	0

data:
172:	-1	-2	-3	1	2	3	0	0
204:	5	1	-1	0	0	0	0	0
236:	0	0	0	0	0	0	1	9

=====================
cycle:25	156	ADDI	R1, R1, #-1

registers:
r00:	0	8	0	-5	0	1	1	0
r08:	0	0	36	0	0	0	0	0
r16:	0	0	0	0	0	0	0	0
r24:	0	0	0	0	0	0	0	0

data:
172:	-1	-2	-3	1	2	3	0	0
204:	5	1	-1	0	0	0	0	0
236:	0	0	0	0	0	0	1	9

=====================
cycle:26	160	SW	R1, 264(R0)

registers:
r00:	0	8	0	-5	0	1	1	0
r08:	0	0	36	0	0	0	0	0
r16:	0	0	0	0	0	0	0	0
r24:	0	0	0	0	0	0	0	0

data:
172:	-1	-2	-3	1	2	3	0	0
204:	5	1	-1	0	0	0	0	0
236:	0	0	0	0	0	0	1	8

=====================
cycle:27	164	J	#112

registers:
r00:	0	8	0	-5	0	1	1	0
r08:	0	0	36	0	0	0	0	0
r16:	0	0	0	0	0	0	0	0
r24:	0	0	0	0	0	0	0	0

data:
172:	-1	-2	-3	1	2	3	0	0
204:	5	1	-1	0	0	0	0	0
236:	0	0	0	0	0	0	1	8

=====================
cycle:28	112	LW	R1, 264(R0)

registers:
r00:	0	8	0	-5	0	1	1	0
r08:	0	0	36	0	0	0	0	0
r16:	0	0	0	0	0	0	0	0
r24:	0	0	0	0	0	0	0	0

data:
172:	-1	-2	-3	1	2	3	0	0
204:	5	1	-1	0	0	0	0	0
236:	0	0	0	0	0	0	1	8

=====================
cycle:29	116	BLEZ	R1, #48

registers:
r00:	0	8	0	-5	0	1	1	0
r08:	0	0	36	0	0	0	0	0
r16:	0	0	0	0	0	0	0	0
r24:	0	0	0	0	0	0	0	0

data:
172:	-1	-2	-3	1	2	3	0	0
204:	5	1	-1	0	0	0	0	0
236:	0	0	0	0	0	0	1	8

=====================
cycle:30	120	SLL	R10, R1, #2

registers:
r00:	0	8	0	-5	0	1	1	0
r08:	0	0	32	0	0	0	0	0
r16:	0	0	0	0	0	0	0	0
r24:	0	0	0	0	0	0	0	0

data:
172:	-1	-2	-3	1	2	3	0	0
204:	5	1	-1	0	0	0	0	0
236:	0	0	0	0	0	0	1	8

=====================
cycle:31	124	LW	R3, 172(R10)

registers:
r00:	0	8	0	5	0	1	1	0
r08:	0	0	32	0	0	0	0	0
r16:	0	0	0	0	0	0	0	0
r24:	0	0	0	0	0	0	0	0

data:
172:	-1	-2	-3	1	2	3	0	0
204:	5	1	-1	0	0	0	0	0
236:	0	0	0	0	0	0	1	8

=====================
cycle:32	128	LW	R4, 216(R10)

registers:
r00:	0	8	0	5	0	1	1	0
r08:	0	0	32	0	0	0	0	0
r16:	0	0	0	0	0	0	0	0
r24:	0	0	0	0	0	0	0	0

data:
172:	-1	-2	-3	1	2	3	0	0
204:	5	1	-1	0	0	0	0	0
236:	0	0	0	0	0	0	1	8

=====================
cycle:33	132	LW	R5, 260(R0)

registers:
r00:	0	8	0	5	0	1	1	0
r08:	0	0	32	0	0	0	0	0
r16:	0	0	0	0	0	0	0	0
r24:	0	0	0	0	0	0	0	0

data:
172:	-1	-2	-3	1	2	3	0	0
204:	5	1	-1	0	0	0	0	0
236:	0	0	0	0	0	0	1	8

=====================
cycle:34	136	BLEZ	R3, #8

registers:
r00:	0	8	0	5	0	1	1	0
r08:	0	0	32	0	0	0	0	0
r16:	0	0	0	0	0	0	0	0
r24:	0	0	0	0	0	0	0	0

data:
172:	-1	-2	-3	1	2	3	0	0
204:	5	1	-1	0	0	0	0	0
236:	0	0	0	0	0	0	1	8

=====================
cycle:35	140	SUB	R6, R4, R5

registers:
r00:	0	8	0	5	0	1	-1	0
r08:	0	0	32	0	0	0	0	0
r16:	0	0	0	0	0	0	0	0
r24:	0	0	0	0	0	0	0	0

data:
172:	-1	-2	-3	1	2	3	0	0
204:	5	1	-1	0	0	0	0	0
236:	0	0	0	0	0	0	1	8

=====================
cycle:36	144	J	#152

registers:
r00:	0	8	0	5	0	1	-1	0
r08:	0	0	32	0	0	0	0	0
r16:	0	0	0	0	0	0	0	0
r24:	0	0	0	0	0	0	0	0

data:
172:	-1	-2	-3	1	2	3	0	0
204:	5	1	-1	0	0	0	0	0
236:	0	0	0	0	0	0	1	8

=====================
cycle:37	152	SW	R6, 172(R10)

registers:
r00:	0	8	0	5	0	1	-1	0
r08:	0	0	32	0	0	0	0	0
r16:	0	0	0	0	0	0	0	0
r24:	0	0	0	0	0	0	0	0

data:
172:	-1	-2	-3	1	2	3	0	0
204:	-1	1	-1	0	0	0	0	0
236:	0	0	0	0	0	0	1	8

=====================
cycle:38	156	ADDI	R1, R1, #-1

registers:
r00:	0	7	0	5	0	1	-1	0
r08:	0	0	32	0	0	0	0	0
r16:	0	0	0	0	0	0	0	0
r24:	0	0	0	0	0	0	0	0

data:
172:	-1	-2	-3	1	2	3	0	0
204:	-1	1	-1	0	0	0	0	0
236:	0	0	0	0	0	0	1	8

=====================
cycle:39	160	SW	R1, 264(R0)

registers:
r00:	0	7	0	5	0	1	-1	0
r08:	0	0	32	0	0	0	0	0
r16:	0	0	0	0	0	0	0	0
r24:	0	0	0	0	0	0	0	0

data:
172:	-1	-2	-3	1	2	3	0	0
204:	-1	1	-1	0	0	0	0	0
236:	0	0	0	0	0	0	1	7

=====================
cycle:40	164	J	#112

registers:
r00:	0	7	0	5	0	1	-1	0
r08:	0	0	32	0	0	0	0	0
r16:	0	0	0	0	0	0	0	0
r24:	0	0	0	0	0	0	0	0

data:
172:	-1	-2	-3	1	2	3	0	0
204:	-1	1	-1	0	0	0	0	0
236:	0	0	0	0	0	0	1	7

=====================
cycle:41	112	LW	R1, 264(R0)

registers:
r00:	0	7	0	5	0	1	-1	0
r08:	0	0	32	0	0	0	0	0
r16:	0	0	0	0	0	0	0	0
r24:	0	0	0	0	0	0	0	0

data:
172:	-1	-2	-3	1	2	3	0	0
204:	-1	1	-1	0	0	0	0	0
236:	0	0	0	0	0	0	1	7

=====================
cycle:42	116	BLEZ	R1, #48

registers:
r00:	0	7	0	5	0	1	-1	0
r08:	0	0	32	0	0	0	0	0
r16:	0	0	0	0	0	0	0	0
r24:	0	0	0	0	0	0	0	0

data:
172:	-1	-2	-3	1	2	3	0	0
204:	-1	1	-1	0	0	0	0	0
236:	0	0	0	0	0	0	1	7

=====================
cycle:43	120	SLL	R10, R1, #2

registers:
r00:	0	7	0	5	0	1	-1	0
r08:	0	0	28	0	0	0	0	0
r16:	0	0	0	0	0	0	0	0
r24:	0	0	0	0	0	0	0	0

data:
172:	-1	-2	-3	1	2	3	0	0
204:	-1	1	-1	0	0	0	0	0
236:	0	0	0	0	0	0	1	7

=====================
cycle:44	124	LW	R3, 172(R10)

registers:
r00:	0	7	0	0	0	1	-1	0
r08:	0	0	28	0	0	0	0	0
r16:	0	0	0	0	0	0	0	0
r24:	0	0	0	0	0	0	0	0

data:
172:	-1	-2	-3	1	2	3	0	0
204:	-1	1	-1	0	0	0	0	0
236:	0	0	0	0	0	0	1	7

=====================
cycle:45	128	LW	R4, 216(R10)

registers:
r00:	0	7	0	0	0	1	-1	0
r08:	0	0	28	0	0	0	0	0
r16:	0	0	0	0	0	0	0	0
r24:	0	0	0	0	0	0	0	0

data:
172:	-1	-2	-3	1	2	3	0	0
204:	-1	1	-1	0	0	0	0	0
236:	0	0	0	0	0	0	1	7

=====================
cycle:46	132	LW	R5, 260(R0)

registers:
r00:	0	7	0	0	0	1	-1	0
r08:	0	0	28	0	0	0	0	0
r16:	0	0	0	0	0	0	0	0
r24:	0	0	0	0	0	0	0	0

data:
172:	-1	-2	-3	1	2	3	0	0
204:	-1	1	-1	0	0	0	0	0
236:	0	0	0	0	0	0	1	7

=====================
cycle:47	136	BLEZ	R3, #8

registers:
r00:	0	7	0	0	0	1	-1	0
r08:	0	0	28	0	0	0	0	0
r16:	0	0	0	0	0	0	0	0
r24:	0	0	0	0	0	0	0	0

data:
172:	-1	-2	-3	1	2	3	0	0
204:	-1	1	-1	0	0	0	0	0
236:	0	0	0	0	0	0	1	7

=====================
cycle:48	148	ADD	R6, R4, R5

registers:
r00:	0	7	0	0	0	1	1	0
r08:	0	0	28	0	0	0	0	0
r16:	0	0	0	0	0	0	0	0
r24:	0	0	0	0	0	0	0	0

data:
172:	-1	-2	-3	1	2	3	0	0
204:	-1	1	-1	0	0	0	0	0
236:	0	0	0	0	0	0	1	7

=====================
cycle:49	152	SW	R6, 172(R10)

registers:
r00:	0	7	0	0	0	1	1	0
r08:	0	0	28	0	0	0	0	0
r16:	0	0	0	0	0	0	0	0
r24:	0	0	0	0	0	0	0	0

data:
172:	-1	-2	-3	1	2	3	0	1
204:	-1	1	-1	0	0	0	0	0
236:	0	0	0	0	0	0	1	7

=====================
cycle:50	156	ADDI	R1, R1, #-1

registers:
r00:	0	6	0	0	0	1	1	0
r08:	0	0	28	0	0	0	0	0
r16:	0	0	0	0	0	0	0	0
r24:	0	0	0	0	0	0	0	0

data:
172:	-1	-2	-3	1	2	3	0	1
204:	-1	1	-1	0	0	0	0	0
236:	0	0	0	0	0	0	1	7

=====================
cycle:51	160	SW	R1, 264(R0)

registers:
r00:	0	6	0	0	0	1	1	0
r08:	0	0	28	0	0	0	0	0
r16:	0	0	0	0	0	0	0	0
r24:	0	0	0	0	0	0	0	0

data:
172:	-1	-2	-3	1	2	3	0	1
204:	-1	1	-1	0	0	0	0	0
236:	0	0	0	0	0	0	1	6

=====================
cycle:52	164	J	#112

registers:
r00:	0	6	0	0	0	1	1	0
r08:	0	0	28	0	0	0	0	0
r16:	0	0	0	0	0	0	0	0
r24:	0	0	0	0	0	0	0	0

data:
172:	-1	-2	-3	1	2	3	0	1
204:	-1	1	-1	0	0	0	0	0
236:	0	0	0	0	0	0	1	6

=====================
cycle:53	112	LW	R1, 264(R0)

registers:
r00:	0	6	0	0	0	1	1	0
r08:	0	0	28	0	0	0	0	0
r16:	0	0	0	0	0	0	0	0
r24:	0	0	0	0	0	0	0	0

data:
172:	-1	-2	-3	1	2	3	0	1
204:	-1	1	-1	0	0	0	0	0
236:	0	0	0	0	0	0	1	6

=====================
cycle:54	116	BLEZ	R1, #48

registers:
r00:	0	6	0	0	0	1	1	0
r08:	0	0	28	0	0	0	0	0
r16:	0	0	0	0	0	0	0	0
r24:	0	0	0	0	0	0	0	0

data:
172:	-1	-2	-3	1	2	3	0	1
204:	-1	1	-1	0	0	0	0	0
236:	0	0	0	0	0	0	1	6

=====================
cycle:55	120	SLL	R10, R1, #2

registers:
r00:	0	6	0	0	0	1	1	0
r08:	0	0	24	0	0	0	0	0
r16:	0	0	0	0	0	0	0	0
r24:	0	0	0	0	0	0	0	0

data:
172:	-1	-2	-3	1	2	3	0	1
204:	-1	1	-1	0	0	0	0	0
236:	0	0	0	0	0	0	1	6

=====================
cycle:56	124	LW	R3, 172(R10)

registers:
r00:	0	6	0	0	0	1	1	0
r08:	0	0	24	0	0	0	0	0
r16:	0	0	0	0	0	0	0	0
r24:	0	0	0	0	0	0	0	0

data:
172:	-1	-2	-3	1	2	3	0	1
204:	-1	1	-1	0	0	0	0	0
236:	0	0	0	0	0	0	1	6

=====================
cycle:57	128	LW	R4, 216(R10)

registers:
r00:	0	6	0	0	0	1	1	0
r08:	0	0	24	0	0	0	0	0
r16:	0	0	0	0	0	0	0	0
r24:	0	0	0	0	0	0	0	0

data:
172:	-1	-2	-3	1	2	3	0	1
204:	-1	1	-1	0	0	0	0	0
236:	0	0	0	0	0	0	1	6

=====================
cycle:58	132	LW	R5, 260(R0)

registers:
r00:	0	6	0	0	0	1	1	0
r08:	0	0	24	0	0	0	0	0
r16:	0	0	0	0	0	0	0	0
r24:	0	0	0	0	0	0	0	0

data:
172:	-1	-2	-3	1	2	3	0	1
204:	-1	1	-1	0	0	0	0	0
236:	0	0	0	0	0	0	1	6

=====================
cycle:59	136	BLEZ	R3, #8

registers:
r00:	0	6	0	0	0	1	1	0
r08:	0	0	24	0	0	0	0	0
r16:	0	0	0	0	0	0	0	0
r24:	0	0	0	0	0	0	0	0

data:
172:	-1	-2	-3	1	2	3	0	1
204:	-1	1	-1	0	0	0	0	0
236:	0	0	0	0	0	0	1	6

=====================
cycle:60	148	ADD	R6, R4, R5

registers:
r00:	0	6	0	0	0	1	1	0
r08:	0	0	24	0	0	0	0	0
r16:	0	0	0	0	0	0	0	0
r24:	0	0	0	0	0	0	0	0

data:
172:	-1	-2	-3	1	2	3	0	1
204:	-1	1	-1	0	0	0	0	0
236:	0	0	0	0	0	0	1	6

=====================
cycle:61	152	SW	R6, 172(R10)

registers:
r00:	0	6	0	0	0	1	1	0
r08:	0	0	24	0	0	0	0	0
r16:	0	0	0	0	0	0	0	0
r24:	0	0	0	0	0	0	0	0

data:
172:	-1	-2	-3	1	2	3	1	1
204:	-1	1	-1	0	0	0	0	0
236:	0	0	0	0	0	0	1	6

=====================
cycle:62	156	ADDI	R1, R1, #-1

registers:
r00:	0	5	0	0	0	1	1	0
r08:	0	0	24	0	0	0	0	0
r16:	0	0	0	0	0	0	0	0
r24:	0	0	0	0	0	0	0	0

data:
172:	-1	-2	-3	1	2	3	1	1
204:	-1	1	-1	0	0	0	0	0
236:	0	0	0	0	0	0	1	6

=====================
cycle:63	160	SW	R1, 264(R0)

registers:
r00:	0	5	0	0	0	1	1	0
r08:	0	0	24	0	0	0	0	0
r16:	0	0	0	0	0	0	0	0
r24:	0	0	0	0	0	0	0	0

data:
172:	-1	-2	-3	1	2	3	1	1
204:	-1	1	-1	0	0	0	0	0
236:	0	0	0	0	0	0	1	5

=====================
cycle:64	164	J	#112

registers:
r00:	0	5	0	0	0	1	1	0
r08:	0	0	24	0	0	0	0	0
r16:	0	0	0	0	0	0	0	0
r24:	0	0	0	0	0	0	0	0

data:
172:	-1	-2	-3	1	2	3	1	1
204:	-1	1	-1	0	0	0	0	0
236:	0	0	0	0	0	0	1	5

=====================
cycle:65	112	LW	R1, 264(R0)

registers:
r00:	0	5	0	0	0	1	1	0
r08:	0	0	24	0	0	0	0	0
r16:	0	0	0	0	0	0	0	0
r24:	0	0	0	0	0	0	0	0

data:
172:	-1	-2	-3	1	2	3	1	1
204:	-1	1	-1	0	0	0	0	0
236:	0	0	0	0	0	0	1	5

=====================
cycle:66	116	BLEZ	R1, #48

registers:
r00:	0	5	0	0	0	1	1	0
r08:	0	0	24	0	0	0	0	0
r16:	0	0	0	0	0	0	0	0
r24:	0	0	0	0	0	0	0	0

data:
172:	-1	-2	-3	1	2	3	1	1
204:	-1	1	-1	0	0	0	0	0
236:	0	0	0	0	0	0	1	5

=====================
cycle:67	120	SLL	R10, R1, #2

registers:
r00:	0	5	0	0	0	1	1	0
r08:	0	0	20	0	0	0	0	0
r16:	0	0	0	0	0	0	0	0
r24:	0	0	0	0	0	0	0	0

data:
172:	-1	-2	-3	1	2	3	1	1
204:	-1	1	-1	0	0	0	0	0
236:	0	0	0	0	0	0	1	5

=====================
cycle:68	124	LW	R3, 172(R10)

registers:
r00:	0	5	0	3	0	1	1	0
r08:	0	0	20	0	0	0	0	0
r16:	0	0	0	0	0	0	0	0
r24:	0	0	0	0	0	0	0	0

data:
172:	-1	-2	-3	1	2	3	1	1
204:	-1	1	-1	0	0	0	0	0
236:	0	0	0	0	0	0	1	5

=====================
cycle:69	128	LW	R4, 216(R10)

registers:
r00:	0	5	0	3	0	1	1	0
r08:	0	0	20	0	0	0	0	0
r16:	0	0	0	0	0	0	0	0
r24:	0	0	0	0	0	0	0	0

data:
172:	-1	-2	-3	1	2	3	1	1
204:	-1	1	-1	0	0	0	0	0
236:	0	0	0	0	0	0	1	5

=====================
cycle:70	132	LW	R5, 260(R0)

registers:
r00:	0	5	0	3	0	1	1	0
r08:	0	0	20	0	0	0	0	0
r16:	0	0	0	0	0	0	0	0
r24:	0	0	0	0	0	0	0	0

data:
172:	-1	-2	-3	1	2	3	1	1
204:	-1	1	-1	0	0	0	0	0
236:	0	0	0	0	0	0	1	5

=====================
cycle:71	136	BLEZ	R3, #8

registers:
r00:	0	5	0	3	0	1	1	0
r08:	0	0	20	0	0	0	0	0
r16:	0	0	0	0	0	0	0	0
r24:	0	0	0	0	0	0	0	0

data:
172:	-1	-2	-3	1	2	3	1	1
204:	-1	1	-1	0	0	0	0	0
236:	0	0	0	0	0	0	1	5

=====================
cycle:72	140	SUB	R6, R4, R5

registers:
r00:	0	5	0	3	0	1	-1	0
r08:	0	0	20	0	0	0	0	0
r16:	0	0	0	0	0	0	0	0
r24:	0	0	0	0	0	0	0	0

data:
172:	-1	-2	-3	1	2	3	1	1
204:	-1	1	-1	0	0	0	0	0
236:	0	0	0	0	0	0	1	5

=====================
cycle:73	144	J	#152

registers:
r00:	0	5	0	3	0	1	-1	0
r08:	0	0	20	0	0	0	0	0
r16:	0	0	0	0	0	0	0	0
r24:	0	0	0	0	0	0	0	0

data:
172:	-1	-2	-3	1	2	3	1	1
204:	-1	1	-1	0	0	0	0	0
236:	0	0	0	0	0	0	1	5

=====================
cycle:74	152	SW	R6, 172(R10)

registers:
r00:	0	5	0	3	0	1	-1	0
r08:	0	0	20	0	0	0	0	0
r16:	0	0	0	0	0	0	0	0
r24:	0	0	0	0	0	0	0	0

data:
172:	-1	-2	-3	1	2	-1	1	1
204:	-1	1	-1	0	0	0	0	0
236:	0	0	0	0	0	0	1	5

=====================
cycle:75	156	ADDI	R1, R1, #-1

registers:
r00:	0	4	0	3	0	1	-1	0
r08:	0	0	20	0	0	0	0	0
r16:	0	0	0	0	0	0	0	0
r24:	0	0	0	0	0	0	0	0

data:
172:	-1	-2	-3	1	2	-1	1	1
204:	-1	1	-1	0	0	0	0	0
236:	0	0	0	0	0	0	1	5

=====================
cycle:76	160	SW	R1, 264(R0)

registers:
r00:	0	4	0	3	0	1	-1	0
r08:	0	0	20	0	0	0	0	0
r16:	0	0	0	0	0	0	0	0
r24:	0	0	0	0	0	0	0	0

data:
172:	-1	-2	-3	1	2	-1	1	1
204:	-1	1	-1	0	0	0	0	0
236:	0	0	0	0	0	0	1	4

=====================
cycle:77	164	J	#112

registers:
r00:	0	4	0	3	0	1	-1	0
r08:	0	0	20	0	0	0	0	0
r16:	0	0	0	0	0	0	0	0
r24:	0	0	0	0	0	0	0	0

data:
172:	-1	-2	-3	1	2	-1	1	1
204:	-1	1	-1	0	0	0	0	0
236:	0	0	0	0	0	0	1	4

=====================
cycle:78	112	LW	R1, 264(R0)

registers:
r00:	0	4	0	3	0	1	-1	0
r08:	0	0	20	0	0	0	0	0
r16:	0	0	0	0	0	0	0	0
r24:	0	0	0	0	0	0	0	0

data:
172:	-1	-2	-3	1	2	-1	1	1
204:	-1	1	-1	0	0	0	0	0
236:	0	0	0	0	0	0	1	4

=====================
cycle:79	116	BLEZ	R1, #48

registers:
r00:	0	4	0	3	0	1	-1	0
r08:	0	0	20	0	0	0	0	0
r16:	0	0	0	0	0	0	0	0
r24:	0	0	0	0	0	0	0	0

data:
172:	-1	-2	-3	1	2	-1	1	1
204:	-1	1	-1	0	0	0	0	0
236:	0	0	0	0	0	0	1	4

=====================
cycle:80	120	SLL	R10, R1, #2

registers:
r00:	0	4	0	3	0	1	-1	0
r08:	0	0	16	0	0	0	0	0
r16:	0	0	0	0	0	0	0	0
r24:	0	0	0	0	0	0	0	0

data:
172:	-1	-2	-3	1	2	-1	1	1
204:	-1	1	-1	0	0	0	0	0
236:	0	0	0	0	0	0	1	4

=====================
cycle:81	124	LW	R3, 172(R10)

registers:
r00:	0	4	0	2	0	1	-1	0
r08:	0	0	16	0	0	0	0	0
r16:	0	0	0	0	0	0	0	0
r24:	0	0	0	0	0	0	0	0

data:
172:	-1	-2	-3	1	2	-1	1	1
204:	-1	1	-1	0	0	0	0	0
236:	0	0	0	0	0	0	1	4

=====================
cycle:82	128	LW	R4, 216(R10)

registers:
r00:	0	4	0	2	0	1	-1	0
r08:	0	0	16	0	0	0	0	0
r16:	0	0	0	0	0	0	0	0
r24:	0	0	0	0	0	0	0	0

data:
172:	-1	-2	-3	1	2	-1	1	1
204:	-1	1	-1	0	0	0	0	0
236:	0	0	0	0	0	0	1	4

=====================
cycle:83	132	LW	R5, 260(R0)

registers:
r00:	0	4	0	2	0	1	-1	0
r08:	0	0	16	0	0	0	0	0
r16:	0	0	0	0	0	0	0	0
r24:	0	0	0	0	0	0	0	0

data:
172:	-1	-2	-3	1	2	-1	1	1
204:	-1	1	-1	0	0	0	0	0
236:	0	0	0	0	0	0	1	4

=====================
cycle:84	136	BLEZ	R3, #8

registers:
r00:	0	4	0	2	0	1	-1	0
r08:	0	0	16	0	0	0	0	0
r16:	0	0	0	0	0	0	0	0
r24:	0	0	0	0	0	0	0	0

data:
172:	-1	-2	-3	1	2	-1	1	1
204:	-1	1	-1	0	0	0	0	0
236:	0	0	0	0	0	0	1	4

=====================
cycle:85	140	SUB	R6, R4, R5

registers:
r00:	0	4	0	2	0	1	-1	0
r08:	0	0	16	0	0	0	0	0
r16:	0	0	0	0	0	0	0	0
r24:	0	0	0	0	0	0	0	0

data:
172:	-1	-2	-3	1	2	-1	1	1
204:	-1	1	-1	0	0	0	0	0
236:	0	0	0	0	0	0	1	4

=====================
cycle:86	144	J	#152

registers:
r00:	0	4	0	2	0	1	-1	0
r08:	0	0	16	0	0	0	0	0
r16:	0	0	0	0	0	0	0	0
r24:	0	0	0	0	0	0	0	0

data:
172:	-1	-2	-3	1	2	-1	1	1
204:	-1	1	-1	0	0	0	0	0
236:	0	0	0	0	0	0	1	4

=====================
cycle:87	152	SW	R6, 172(R10)

registers:
r00:	0	4	0	2	0	1	-1	0
r08:	0	0	16	0	0	0	0	0
r16:	0	0	0	0	0	0	0	0
r24:	0	0	0	0	0	0	0	0

data:
172:	-1	-2	-3	1	-1	-1	1	1
204:	-1	1	-1	0	0	0	0	0
236:	0	0	0	0	0	0	1	4

=====================
cycle:88	156	ADDI	R1, R1, #-1

registers:
r00:	0	3	0	2	0	1	-1	0
r08:	0	0	16	0	0	0	0	0
r16:	0	0	0	0	0	0	0	0
r24:	0	0	0	0	0	0	0	0

data:
172:	-1	-2	-3	1	-1	-1	1	1
204:	-1	1	-1	0	0	0	0	0
236:	0	0	0	0	0	0	1	4

=====================
cycle:89	160	SW	R1, 264(R0)

registers:
r00:	0	3	0	2	0	1	-1	0
r08:	0	0	16	0	0	0	0	0
r16:	0	0	0	0	0	0	0	0
r24:	0	0	0	0	0	0	0	0

data:
172:	-1	-2	-3	1	-1	-1	1	1
204:	-1	1	-1	0	0	0	0	0
236:	0	0	0	0	0	0	1	3

=====================
cycle:90	164	J	#112

registers:
r00:	0	3	0	2	0	1	-1	0
r08:	0	0	16	0	0	0	0	0
r16:	0	0	0	0	0	0	0	0
r24:	0	0	0	0	0	0	0	0

data:
172:	-1	-2	-3	1	-1	-1	1	1
204:	-1	1	-1	0	0	0	0	0
236:	0	0	0	0	0	0	1	3

=====================
cycle:91	112	LW	R1, 264(R0)

registers:
r00:	0	3	0	2	0	1	-1	0
r08:	0	0	16	0	0	0	0	0
r16:	0	0	0	0	0	0	0	0
r24:	0	0	0	0	0	0	0	0

data:
172:	-1	-2	-3	1	-1	-1	1	1
204:	-1	1	-1	0	0	0	0	0
236:	0	0	0	0	0	0	1	3

=====================
cycle:92	116	BLEZ	R1, #48

registers:
r00:	0	3	0	2	0	1	-1	0
r08:	0	0	16	0	0	0	0	0
r16:	0	0	0	0	0	0	0	0
r24:	0	0	0	0	0	0	0	0

data:
172:	-1	-2	-3	1	-1	-1	1	1
204:	-1	1	-1	0	0	0	0	0
236:	0	0	0	0	0	0	1	3

=====================
cycle:93	120	SLL	R10, R1, #2

registers:
r00:	0	3	0	2	0	1	-1	0
r08:	0	0	12	0	0	0	0	0
r16:	0	0	0	0	0	0	0	0
r24:	0	0	0	0	0	0	0	0

data:
172:	-1	-2	-3	1	-1	-1	1	1
204:	-1	1	-1	0	0	0	0	0
236:	0	0	0	0	0	0	1	3

=====================
cycle:94	124	LW	R3, 172(R10)

registers:
r00:	0	3	0	1	0	1	-1	0
r08:	0	0	12	0	0	0	0	0
r16:	0	0	0	0	0	0	0	0
r24:	0	0	0	0	0	0	0	0

data:
172:	-1	-2	-3	1	-1	-1	1	1
204:	-1	1	-1	0	0	0	0	0
236:	0	0	0	0	0	0	1	3

=====================
cycle:95	128	LW	R4, 216(R10)

registers:
r00:	0	3	0	1	0	1	-1	0
r08:	0	0	12	0	0	0	0	0
r16:	0	0	0	0	0	0	0	0
r24:	0	0	0	0	0	0	0	0

data:
172:	-1	-2	-3	1	-1	-1	1	1
204:	-1	1	-1	0	0	0	0	0
236:	0	0	0	0	0	0	1	3

=====================
cycle:96	132	LW	R5, 260(R0)

registers:
r00:	0	3	0	1	0	1	-1	0
r08:	0	0	12	0	0	0	0	0
r16:	0	0	0	0	0	0	0	0
r24:	0	0	0	0	0	0	0	0

data:
172:	-1	-2	-3	1	-1	-1	1	1
204:	-1	1	-1	0	0	0	0	0
236:	0	0	0	0	0	0	1	3

=====================
cycle:97	136	BLEZ	R3, #8

registers:
r00:	0	3	0	1	0	1	-1	0
r08:	0	0	12	0	0	0	0	0
r16:	0	0	0	0	0	0	0	0
r24:	0	0	0	0	0	0	0	0

data:
172:	-1	-2	-3	1	-1	-1	1	1
204:	-1	1	-1	0	0	0	0	0
236:	0	0	0	0	0	0	1	3

=====================
cycle:98	140	SUB	R6, R4, R5

registers:
r00:	0	3	0	1	0	1	-1	0
r08:	0	0	12	0	0	0	0	0
r16:	0	0	0	0	0	0	0	0
r24:	0	0	0	0	0	0	0	0

data:
172:	-1	-2	-3	1	-1	-1	1	1
204:	-1	1	-1	0	0	0	0	0
236:	0	0	0	0	0	0	1	3

=====================
cycle:99	144	J	#152

registers:
r00:	0	3	0	1	0	1	-1	0
r08:	0	0	12	0	0	0	0	0
r16:	0	0	0	0	0	0	0	0
r24:	0	0	0	0	0	0	0	0

data:
172:	-1	-2	-3	1	-1	-1	1	1
204:	-1	1	-1	0	0	0	0	0
236:	0	0	0	0	0	0	1	3

=====================
cycle:100	152	SW	R6, 172(R10)

registers:
r00:	0	3	0	1	0	1	-1	0
r08:	0	0	12	0	0	0	0	0
r16:	0	0	0	0	0	0	0	0
r24:	0	0	0	0	0	0	0	0

data:
172:	-1	-2	-3	-1	-1	-1	1	1
204:	-1	1	-1	0	0	0	0	0
236:	0	0	0	0	0	0	1	3

=====================
cycle:101	156	ADDI	R1, R1, #-1

registers:
r00:	0	2	0	1	0	1	-1	0
r08:	0	0	12	0	0	0	0	0
r16:	0	0	0	0	0	0	0	0
r24:	0	0	0	0	0	0	0	0

data:
172:	-1	-2	-3	-1	-1	-1	1	1
204:	-1	1	-1	0	0	0	0	0
236:	0	0	0	0	0	0	1	3

=====================
cycle:102	160	SW	R1, 264(R0)

registers:
r00:	0	2	0	1	0	1	-1	0
r08:	0	0	12	0	0	0	0	0
r16:	0	0	0	0	0	0	0	0
r24:	0	0	0	0	0	0	0	0

data:
172:	-1	-2	-3	-1	-1	-1	1	1
204:	-1	1	-1	0	0	0	0	0
236:	0	0	0	0	0	0	1	2

=====================
cycle:103	164	J	#112

registers:
r00:	0	2	0	1	0	1	-1	0
r08:	0	0	12	0	0	0	0	0
r16:	0	0	0	0	0	0	0	0
r24:	0	0	0	0	0	0	0	0

data:
172:	-1	-2	-3	-1	-1	-1	1	1
204:	-1	1	-1	0	0	0	0	0
236:	0	0	0	0	0	0	1	2

=====================
cycle:104	112	LW	R1, 264(R0)

registers:
r00:	0	2	0	1	0	1	-1	0
r08:	0	0	12	0	0	0	0	0
r16:	0	0	0	0	0	0	0	0
r24:	0	0	0	0	0	0	0	0

data:
172:	-1	-2	-3	-1	-1	-1	1	1
204:	-1	1	-1	0	0	0	0	0
236:	0	0	0	0	0	0	1	2

=====================
cycle:105	116	BLEZ	R1, #48

registers:
r00:	0	2	0	1	0	1	-1	0
r08:	0	0	12	0	0	0	0	0
r16:	0	0	0	0	0	0	0	0
r24:	0	0	0	0	0	0	0	0

data:
172:	-1	-2	-3	-1	-1	-1	1	1
204:	-1	1	-1	0	0	0	0	0
236:	0	0	0	0	0	0	1	2

=====================
cycle:106	120	SLL	R10, R1, #2

registers:
r00:	0	2	0	1	0	1	-1	0
r08:	0	0	8	0	0	0	0	0
r16:	0	0	0	0	0	0	0	0
r24:	0	0	0	0	0	0	0	0

data:
172:	-1	-2	-3	-1	-1	-1	1	1
204:	-1	1	-1	0	0	0	0	0
236:	0	0	0	0	0	0	1	2

=====================
cycle:107	124	LW	R3, 172(R10)

registers:
r00:	0	2	0	-3	0	1	-1	0
r08:	0	0	8	0	0	0	0	0
r16:	0	0	0	0	0	0	0	0
r24:	0	0	0	0	0	0	0	0

data:
172:	-1	-2	-3	-1	-1	-1	1	1
204:	-1	1	-1	0	0	0	0	0
236:	0	0	0	0	0	0	1	2

=====================
cycle:108	128	LW	R4, 216(R10)

registers:
r00:	0	2	0	-3	0	1	-1	0
r08:	0	0	8	0	0	0	0	0
r16:	0	0	0	0	0	0	0	0
r24:	0	0	0	0	0	0	0	0

data:
172:	-1	-2	-3	-1	-1	-1	1	1
204:	-1	1	-1	0	0	0	0	0
236:	0	0	0	0	0	0	1	2

=====================
cycle:109	132	LW	R5, 260(R0)

registers:
r00:	0	2	0	-3	0	1	-1	0
r08:	0	0	8	0	0	0	0	0
r16:	0	0	0	0	0	0	0	0
r24:	0	0	0	0	0	0	0	0

data:
172:	-1	-2	-3	-1	-1	-1	1	1
204:	-1	1	-1	0	0	0	0	0
236:	0	0	0	0	0	0	1	2

=====================
cycle:110	136	BLEZ	R3, #8

registers:
r00:	0	2	0	-3	0	1	-1	0
r08:	0	0	8	0	0	0	0	0
r16:	0	0	0	0	0	0	0	0
r24:	0	0	0	0	0	0	0	0

data:
172:	-1	-2	-3	-1	-1	-1	1	1
204:	-1	1	-1	0	0	0	0	0
236:	0	0	0	0	0	0	1	2

=====================
cycle:111	148	ADD	R6, R4, R5

registers:
r00:	0	2	0	-3	0	1	1	0
r08:	0	0	8	0	0	0	0	0
r16:	0	0	0	0	0	0	0	0
r24:	0	0	0	0	0	0	0	0

data:
172:	-1	-2	-3	-1	-1	-1	1	1
204:	-1	1	-1	0	0	0	0	0
236:	0	0	0	0	0	0	1	2

=====================
cycle:112	152	SW	R6, 172(R10)

registers:
r00:	0	2	0	-3	0	1	1	0
r08:	0	0	8	0	0	0	0	0
r16:	0	0	0	0	0	0	0	0
r24:	0	0	0	0	0	0	0	0

data:
172:	-1	-2	1	-1	-1	-1	1	1
204:	-1	1	-1	0	0	0	0	0
236:	0	0	0	0	0	0	1	2

=====================
cycle:113	156	ADDI	R1, R1, #-1

registers:
r00:	0	1	0	-3	0	1	1	0
r08:	0	0	8	0	0	0	0	0
r16:	0	0	0	0	0	0	0	0
r24:	0	0	0	0	0	0	0	0

data:
172:	-1	-2	1	-1	-1	-1	1	1
204:	-1	1	-1	0	0	0	0	0
236:	0	0	0	0	0	0	1	2

=====================
cycle:114	160	SW	R1, 264(R0)

registers:
r00:	0	1	0	-3	0	1	1	0
r08:	0	0	8	0	0	0	0	0
r16:	0	0	0	0	0	0	0	0
r24:	0	0	0	0	0	0	0	0

data:
172:	-1	-2	1	-1	-1	-1	1	1
204:	-1	1	-1	0	0	0	0	0
236:	0	0	0	0	0	0	1	1

=====================
cycle:115	164	J	#112

registers:
r00:	0	1	0	-3	0	1	1	0
r08:	0	0	8	0	0	0	0	0
r16:	0	0	0	0	0	0	0	0
r24:	0	0	0	0	0	0	0	0

data:
172:	-1	-2	1	-1	-1	-1	1	1
204:	-1	1	-1	0	0	0	0	0
236:	0	0	0	0	0	0	1	1

=====================
cycle:116	112	LW	R1, 264(R0)

registers:
r00:	0	1	0	-3	0	1	1	0
r08:	0	0	8	0	0	0	0	0
r16:	0	0	0	0	0	0	0	0
r24:	0	0	0	0	0	0	0	0

data:
172:	-1	-2	1	-1	-1	-1	1	1
204:	-1	1	-1	0	0	0	0	0
236:	0	0	0	0	0	0	1	1

=====================
cycle:117	116	BLEZ	R1, #48

registers:
r00:	0	1	0	-3	0	1	1	0
r08:	0	0	8	0	0	0	0	0
r16:	0	0	0	0	0	0	0	0
r24:	0	0	0	0	0	0	0	0

data:
172:	-1	-2	1	-1	-1	-1	1	1
204:	-1	1	-1	0	0	0	0	0
236:	0	0	0	0	0	0	1	1

=====================
cycle:118	120	SLL	R10, R1, #2

registers:
r00:	0	1	0	-3	0	1	1	0
r08:	0	0	4	0	0	0	0	0
r16:	0	0	0	0	0	0	0	0
r24:	0	0	0	0	0	0	0	0

data:
172:	-1	-2	1	-1	-1	-1	1	1
204:	-1	1	-1	0	0	0	0	0
236:	0	0	0	0	0	0	1	1

=====================
cycle:119	124	LW	R3, 172(R10)

registers:
r00:	0	1	0	-2	0	1	1	0
r08:	0	0	4	0	0	0	0	0
r16:	0	0	0	0	0	0	0	0
r24:	0	0	0	0	0	0	0	0

data:
172:	-1	-2	1	-1	-1	-1	1	1
204:	-1	1	-1	0	0	0	0	0
236:	0	0	0	0	0	0	1	1

=====================
cycle:120	128	LW	R4, 216(R10)

registers:
r00:	0	1	0	-2	0	1	1	0
r08:	0	0	4	0	0	0	0	0
r16:	0	0	0	0	0	0	0	0
r24:	0	0	0	0	0	0	0	0

data:
172:	-1	-2	1	-1	-1	-1	1	1
204:	-1	1	-1	0	0	0	0	0
236:	0	0	0	0	0	0	1	1

=====================
cycle:121	132	LW	R5, 260(R0)

registers:
r00:	0	1	0	-2	0	1	1	0
r08:	0	0	4	0	0	0	0	0
r16:	0	0	0	0	0	0	0	0
r24:	0	0	0	0	0	0	0	0

data:
172:	-1	-2	1	-1	-1	-1	1	1
204:	-1	1	-1	0	0	0	0	0
236:	0	0	0	0	0	0	1	1

=====================
cycle:122	136	BLEZ	R3, #8

registers:
r00:	0	1	0	-2	0	1	1	0
r08:	0	0	4	0	0	0	0	0
r16:	0	0	0	0	0	0	0	0
r24:	0	0	0	0	0	0	0	0

data:
172:	-1	-2	1	-1	-1	-1	1	1
204:	-1	1	-1	0	0	0	0	0
236:	0	0	0	0	0	0	1	1

=====================
cycle:123	148	ADD	R6, R4, R5

registers:
r00:	0	1	0	-2	0	1	1	0
r08:	0	0	4	0	0	0	0	0
r16:	0	0	0	0	0	0	0	0
r24:	0	0	0	0	0	0	0	0

data:
172:	-1	-2	1	-1	-1	-1	1	1
204:	-1	1	-1	0	0	0	0	0
236:	0	0	0	0	0	0	1	1

=====================
cycle:124	152	SW	R6, 172(R10)

registers:
r00:	0	1	0	-2	0	1	1	0
r08:	0	0	4	0	0	0	0	0
r16:	0	0	0	0	0	0	0	0
r24:	0	0	0	0	0	0	0	0

data:
172:	-1	1	1	-1	-1	-1	1	1
204:	-1	1	-1	0	0	0	0	0
236:	0	0	0	0	0	0	1	1

=====================
cycle:125	156	ADDI	R1, R1, #-1

registers:
r00:	0	0	0	-2	0	1	1	0
r08:	0	0	4	0	0	0	0	0
r16:	0	0	0	0	0	0	0	0
r24:	0	0	0	0	0	0	0	0

data:
172:	-1	1	1	-1	-1	-1	1	1
204:	-1	1	-1	0	0	0	0	0
236:	0	0	0	0	0	0	1	1

=====================
cycle:126	160	SW	R1, 264(R0)

registers:
r00:	0	0	0	-2	0	1	1	0
r08:	0	0	4	0	0	0	0	0
r16:	0	0	0	0	0	0	0	0
r24:	0	0	0	0	0	0	0	0

data:
172:	-1	1	1	-1	-1	-1	1	1
204:	-1	1	-1	0	0	0	0	0
236:	0	0	0	0	0	0	1	0

=====================
cycle:127	164	J	#112

registers:
r00:	0	0	0	-2	0	1	1	0
r08:	0	0	4	0	0	0	0	0
r16:	0	0	0	0	0	0	0	0
r24:	0	0	0	0	0	0	0	0

data:
172:	-1	1	1	-1	-1	-1	1	1
204:	-1	1	-1	0	0	0	0	0
236:	0	0	0	0	0	0	1	0

=====================
cycle:128	112	LW	R1, 264(R0)

registers:
r00:	0	0	0	-2	0	1	1	0
r08:	0	0	4	0	0	0	0	0
r16:	0	0	0	0	0	0	0	0
r24:	0	0	0	0	0	0	0	0

data:
172:	-1	1	1	-1	-1	-1	1	1
204:	-1	1	-1	0	0	0	0	0
236:	0	0	0	0	0	0	1	0

=====================
cycle:129	116	BLEZ	R1, #48

registers:
r00:	0	0	0	-2	0	1	1	0
r08:	0	0	4	0	0	0	0	0
r16:	0	0	0	0	0	0	0	0
r24:	0	0	0	0	0	0	0	0

data:
172:	-1	1	1	-1	-1	-1	1	1
204:	-1	1	-1	0	0	0	0	0
236:	0	0	0	0	0	0	1	0

=====================
cycle:130	168	BREAK

registers:
r00:	0	0	0	-2	0	1	1	0
r08:	0	0	4	0	0	0	0	0
r16:	0	0	0	0	0	0	0	0
r24:	0	0	0	0	0	0	0	0

data:
172:	-1	1	1	-1	-1	-1	1	1
204:	-1	1	-1	0	0	0	0	0
236:	0	0	0	0	0	0	1	0

