1 00010 00000 00000 00000 00000 011010  96		J	#104
0 01000 00000 00010 00000 00000 000010  100		Invalid Instruction
1 01000 00000 00001 00000 00001 100100  104		ADDI	R1, R0, #100
1 01000 00000 00010 00000 00000 011000  108		ADDI	R2, R0, #24
1 00000 00001 00010 00011 00000 100000  112		ADD	R3, R1, R2
1 00000 00011 00000 00000 00000 001000  116		JR	R3
0 01000 00000 10000 00000 00000 000001  120		Invalid Instruction
1 00000 00001 00010 00100 00000 100010  124		SUB	R4, R1, R2
1 00000 00000 00010 00101 00001 000000  128		SLL	R5, R2, #1
1 00000 00000 00101 00110 00001 000010  132		SRL	R6, R5, #1
1 11100 00010 00110 00111 00000 000010  136		MUL	R7, R2, R6
1 01000 00000 01000 00000 00000 000000  140		ADDI	R8, R0, #0
1 00000 00100 01000 01001 00000 001010  144		MOVZ	R9, R4, R8
1 00000 00000 00000 00000 00000 000000  148		NOP
1 01011 00000 00001 00000 00010 100000  152		SW	R1, 160(R0)
1 00000 00000 00000 00000 00000 001101  156		BREAK
